1746190171574 0.016 10
1746190276497 0.032 20
1746190414116 0.048 30
1746190595803 0.064 40
1746190769652 0.08 50
1746190943465 0.096 60
1746191117477 0.112 70
1746191292458 0.128 80
1746191464938 0.144 90
1746191637671 0.16 100
1746191809841 0.176 110
1746191944724 0.192 120
1746192047243 0.208 130
1746192233317 0.224 140
1746192336112 0.24 150
1746192431408 0.256 160
1746192534672 0.272 170
1746192664894 0.288 180
1746192778769 0.304 190
1746192889506 0.32 200
1746193016394 0.336 210
1746193150036 0.352 220
1746193327513 0.368 230
1746193536591 0.384 240
1746193737196 0.4 250
1746193917663 0.416 260
