1746190171574 3.517793893814087 10
1746190276497 7.864315032958984 20
1746190414116 7.646358966827393 30
1746190595803 6.31168794631958 40
1746190769652 8.25473690032959 50
1746190943465 7.984878063201904 60
1746191117477 0.8501589894294739 70
1746191292458 3.6016252040863037 80
1746191464938 6.1873931884765625 90
1746191637671 9.417892456054688 100
1746191809841 13.683225631713867 110
1746191944724 1.3526029586791992 120
1746192047243 13.203287124633789 130
1746192233317 7.105099201202393 140
1746192336112 4.94890832901001 150
1746192431408 8.731161117553711 160
1746192534672 8.741606712341309 170
1746192664894 7.265316486358643 180
1746192778769 9.128556251525879 190
1746192889506 3.8578531742095947 200
1746193016394 16.388408660888672 210
1746193150036 4.428374767303467 220
1746193327513 1.7272573709487915 230
1746193536591 14.288728713989258 240
1746193737196 11.894124984741211 250
1746193917663 7.060838222503662 260
