1746190171574 4.976e-05 10
1746190276497 4.9493333333333336e-05 20
1746190414116 4.9226666666666674e-05 30
1746190595803 4.896e-05 40
1746190769652 4.869333333333334e-05 50
1746190943465 4.842666666666667e-05 60
1746191117477 4.816e-05 70
1746191292458 4.789333333333334e-05 80
1746191464938 4.762666666666667e-05 90
1746191637671 4.736000000000001e-05 100
1746191809841 4.709333333333333e-05 110
1746191944724 4.682666666666667e-05 120
1746192047243 4.656e-05 130
1746192233317 4.629333333333333e-05 140
1746192336112 4.602666666666667e-05 150
1746192431408 4.576e-05 160
1746192534672 4.549333333333334e-05 170
1746192664894 4.5226666666666665e-05 180
1746192778769 4.496e-05 190
1746192889506 4.4693333333333335e-05 200
1746193016394 4.4426666666666666e-05 210
1746193150036 4.4160000000000004e-05 220
1746193327513 4.3893333333333335e-05 230
1746193536591 4.3626666666666674e-05 240
1746193737196 4.336e-05 250
1746193917663 4.3093333333333336e-05 260
