1746190171574 0.6774 10
1746190276497 0.5115 20
1746190414116 0.4216 30
1746190595803 0.3822 40
1746190769652 0.3765 50
1746190943465 0.2882 60
1746191117477 0.2126 70
1746191292458 0.3446 80
1746191464938 0.316 90
1746191637671 0.2803 100
1746191809841 0.313 110
1746191944724 0.2449 120
1746192047243 0.2438 130
1746192233317 0.3258 140
1746192336112 0.252 150
1746192431408 0.2919 160
1746192534672 0.1557 170
1746192664894 0.261 180
1746192778769 0.3187 190
1746192889506 0.1838 200
1746193016394 0.247 210
1746193150036 0.2093 220
1746193327513 0.1632 230
1746193536591 0.4505 240
1746193737196 0.2806 250
1746193917663 0.2535 260
